0, 28225
1, 1635
2, 10593
3, 17400
4, 4312
5, 5682
6, 22960
7, 24990
8, 804
9, 19261
10, 10780
11, 2251
12, 8731
13, 19709
14, 14413
15, 16921
16, 8265
17, 26853
18, 668
19, 7140
20, 11319
21, 22111
22, 8797
23, 9380
24, 4505
25, 16010
26, 24303
27, 12046
28, 16699
29, 948
30, 25988
31, 15338
32, 27562
33, 1177
34, 12721
35, 9651
36, 6818
37, 22361
38, 29365
39, 27120
40, 30011
41, 14395
42, 31113
43, 11349
44, 6866
45, 10276
46, 31660
47, 20376
48, 16568
49, 30421
50, 13995
51, 16405
52, 32413
53, 13543
54, 16498
55, 19489
56, 30139
57, 18824
58, 4181
59, 9774
60, 16066
61, 10227
62, 3294
63, 27811
64, 19078
65, 24753
66, 10836
67, 21368
68, 8555
69, 2705
70, 26128
71, 19349
72, 11660
73, 16232
74, 10879
75, 17384
76, 31662
77, 10377
78, 26614
79, 24648
80, 7911
81, 22275
82, 28217
83, 16909
84, 8974
85, 25501
86, 21193
87, 15979
88, 14817
89, 4754
90, 28657
91, 7827
92, 3833
93, 30477
94, 18575
95, 17800
96, 28270
97, 21091
98, 23715
99, 22465
